Python 3.9:
    docker: 8.56918 0.352126
    lupine: 7.88034 0.190327
    native: 3.95083 0.140571

Node:
    docker: 5.55794 0.212385
    lupine: 3.90440 0.011124
    native: 5.08534 0.017563
